Bleu_1: 0.258623
Bleu_2: 0.108125
Bleu_3: 0.052657
Bleu_4: 0.029377
METEOR: 0.116765
ROUGE_L: 0.250016
CIDEr: 0.269566
SkipThoughtsCosineSimilairty: 0.749842
EmbeddingAverageCosineSimilairty: 0.870986
VectorExtremaCosineSimilarity: 0.446185
GreedyMatchingScore: 0.657290
