Bleu_1: 0.202306
Bleu_2: 0.081828
Bleu_3: 0.038123
Bleu_4: 0.020264
METEOR: 0.074685
ROUGE_L: 0.209556
CIDEr: 0.147849
SkipThoughtsCosineSimilairty: 0.645186
EmbeddingAverageCosineSimilairty: 0.720636
VectorExtremaCosineSimilarity: 0.373254
GreedyMatchingScore: 0.608877
