Bleu_1: 0.234985
Bleu_2: 0.107494
Bleu_3: 0.056949
Bleu_4: 0.032720
METEOR: 0.109472
ROUGE_L: 0.222295
CIDEr: 0.211048
SkipThoughtsCosineSimilairty: 0.762432
EmbeddingAverageCosineSimilairty: 0.710326
VectorExtremaCosineSimilarity: 0.549265
GreedyMatchingScore: 0.661178
