Bleu_1: 0.308384
Bleu_2: 0.151326
Bleu_3: 0.086599
Bleu_4: 0.053935
METEOR: 0.151274
ROUGE_L: 0.268381
CIDEr: 0.482671
